,identity,identityDisplay,size,docs,subcorpus_docs,subcorpus_tokens,hits_per_million
0,str:1995,1995,1410,738,129700,69682168,20.234732076648363
0,str:1996,1996,508,220,5926,17130999,29.65384563970846
0,str:1997,1997,153,87,11474,9214430,16.604391156045462
0,str:1998,1998,56,35,2622,3517541,15.920212443863482
0,str:1999,1999,1717,1132,176376,72271680,23.757576965140426
0,str:2000,2000,2339,1413,234508,100345157,23.309545472134744
0,str:2001,2001,3243,1745,203940,92110667,35.20764864290908
0,str:2002,2002,2033,1290,186899,80263756,25.328991581206342
0,str:2003,2003,3630,1658,197295,115188588,31.513538476572002
0,str:2004,2004,3350,1471,209506,120774714,27.73759414574147
0,str:2005,2005,4056,1963,228166,119865861,33.83782476646958
0,str:2006,2006,2748,1643,194388,72359244,37.9771795294047
0,str:2007,2007,2751,1453,181688,69360039,39.662607456146326
0,str:2008,2008,2706,1479,182787,70683578,38.283291205207526
0,str:2009,2009,2408,1403,168512,64623668,37.26188986982292
0,str:2010,2010,2200,1323,80494,31169090,70.58274720243678
0,str:2011,2011,2533,1580,170044,66635432,38.01280976162952
0,str:2012,2012,1985,1176,126446,55562360,35.725624325532614
0,str:2013,2013,2023,1243,82978,37650741,53.730682219507976
0,str:2014,2014,1747,1049,81232,31061728,56.24284650229375
0,str:2015,2015,1513,982,97322,33970133,44.53912500136517
0,str:2016,2016,1899,1197,140429,55204279,34.39950732804608
0,str:2017,2017,937,549,99232,46357387,20.212528372231162
